1,20.373,105.546,0,0,1
2,20.340,105.554,0,2,1
3,20.356,105.587,0,0,2
4,20.326,105.573,0,1,1
5,20.342,105.609,0,0,0
6,20.315,105.590,0,2,1
7,20.327,105.612,0,0,1
8,20.296,105.610,0,1,1
9,20.299,105.638,0,0,1
10,20.271,105.634,0,1,1
11,20.271,105.634,0,1,1
12,20.271,105.634,0,1,1
13,20.271,105.634,0,1,1
14,20.271,105.634,0,1,1
15,20.271,105.634,0,1,1
16,20.271,105.634,0,1,1
17,20.271,105.634,0,1,1
18,20.271,105.634,0,1,1
19,20.271,105.634,0,1,1
20,20.271,105.634,0,1,1
21,20.271,105.634,0,1,1
22,20.271,105.634,0,1,1
23,20.271,105.634,0,1,1
24,20.271,105.634,0,1,1
25,20.271,105.634,0,1,1
26,20.271,105.634,0,1,1
27,20.271,105.634,0,1,1
28,20.271,105.634,0,1,1
29,20.271,105.634,0,1,1
30,20.271,105.634,0,1,1
31,20.271,105.634,0,1,1
32,20.271,105.634,0,1,1
33,20.271,105.634,0,1,1
34,20.271,105.634,0,1,1
35,20.271,105.634,0,1,1
36,20.271,105.634,0,1,1
37,20.271,105.634,0,1,1
38,20.271,105.634,0,1,1
39,20.271,105.634,0,1,1
40,20.271,105.634,0,1,1
41,20.271,105.634,0,1,1
42,20.271,105.634,0,1,1
43,20.271,105.634,0,1,1
44,20.271,105.634,0,1,1
45,20.271,105.634,0,1,1
46,20.271,105.634,0,1,1
47,20.271,105.634,0,1,1
48,20.271,105.634,0,1,1
49,20.271,105.634,0,1,1
50,20.271,105.634,0,1,1
51,20.271,105.634,0,1,1
52,20.271,105.634,0,1,1
53,20.271,105.634,0,1,1
54,20.271,105.634,0,1,1
55,20.271,105.634,0,1,1
56,20.271,105.634,0,1,1
57,20.271,105.634,0,1,1
58,20.271,105.634,0,1,1
59,20.271,105.634,0,1,1
60,20.271,105.634,0,1,1
61,20.271,105.634,0,1,1
62,20.271,105.634,0,1,1
63,20.271,105.634,0,1,1
64,20.271,105.634,0,1,1
65,20.271,105.634,0,1,1
66,20.271,105.634,0,1,1
67,20.271,105.634,0,1,1
68,20.271,105.634,0,1,1
69,20.271,105.634,0,1,1
70,20.271,105.634,0,1,1
71,20.271,105.634,0,1,1
72,20.271,105.634,0,1,1
73,20.271,105.634,0,1,1
74,20.271,105.634,0,1,1
75,20.271,105.634,0,1,1
76,20.271,105.634,0,1,1
77,20.271,105.634,0,1,1
78,20.271,105.634,0,1,1
79,20.271,105.634,0,1,1
80,20.271,105.634,0,1,1
81,20.271,105.634,0,1,1
82,20.271,105.634,0,1,1
83,20.271,105.634,0,1,1
84,20.271,105.634,0,1,1
85,20.271,105.634,0,1,1
86,20.271,105.634,0,1,1
87,20.271,105.634,0,1,1
88,20.271,105.634,0,1,1
89,20.271,105.634,0,1,1
90,20.271,105.634,0,1,1
91,20.271,105.634,0,1,1
92,20.271,105.634,0,1,1
93,20.271,105.634,0,1,1
94,20.271,105.634,0,1,1
95,20.271,105.634,0,1,1
96,20.271,105.634,0,1,1
97,20.271,105.634,0,1,1
98,20.271,105.634,0,1,1
99,20.271,105.634,0,1,1
100,20.271,105.634,0,1,1
